# unix_time, cycles_done, cur_path, paths_total, pending_total, pending_favs, map_size, unique_crashes, unique_hangs, max_depth, execs_per_sec
1569859969, 0, 0, 5, 5, 0, 0.00%, 0, 0, 1, 1.81
1569859974, 0, 0, 5, 5, 0, 0.00%, 0, 3, 1, 1.60
1569859979, 0, 0, 5, 5, 0, 0.00%, 0, 5, 1, 1.46
1569859984, 0, 0, 5, 5, 0, 0.00%, 0, 8, 1, 1.34
1569859990, 0, 0, 5, 5, 0, 0.00%, 0, 10, 1, 1.25
1569859996, 0, 0, 5, 5, 0, 0.00%, 0, 13, 1, 1.20
1569860001, 0, 0, 5, 5, 0, 0.00%, 0, 14, 1, 1.23
1569860022, 0, 0, 5, 5, 0, 0.00%, 0, 15, 1, 1.27
1569860044, 0, 0, 5, 5, 0, 0.00%, 0, 16, 1, 1.43
1569860086, 0, 0, 5, 5, 0, 0.00%, 0, 17, 1, 1.39
1569860195, 0, 0, 5, 5, 0, 0.00%, 0, 19, 1, 1.47
1569860211, 0, 0, 5, 5, 0, 0.00%, 0, 20, 1, 1.44
1569860222, 0, 0, 5, 5, 0, 0.00%, 0, 21, 1, 1.41
1569860254, 0, 0, 5, 5, 0, 0.00%, 0, 22, 1, 1.42
1569860260, 0, 0, 5, 5, 0, 0.00%, 0, 23, 1, 1.41
1569860297, 0, 0, 5, 5, 0, 0.00%, 0, 25, 1, 1.54
1569860324, 0, 0, 5, 5, 0, 0.00%, 0, 28, 1, 1.38
1569860393, 0, 0, 5, 5, 0, 0.00%, 0, 29, 1, 1.46
1569860467, 0, 0, 5, 5, 0, 0.00%, 0, 30, 1, 1.58
1569860707, 0, 0, 5, 5, 0, 0.00%, 0, 32, 1, 1.51
1569860739, 0, 0, 5, 5, 0, 0.00%, 0, 37, 1, 1.36
1569860745, 0, 0, 5, 5, 0, 0.00%, 0, 38, 1, 1.31
1569860750, 0, 0, 5, 5, 0, 0.00%, 0, 39, 1, 1.31
